game:
[[  4  16 256   8]
 [  2  32  64 128]
 [  4   8  16  64]
 [  2   4   8  16]]
game over. Score: 3452
----------------------
game:
[[  4  32   4  32]
 [  8  16  64 128]
 [  4   8  32  64]
 [  2   4   8  32]]
game over. Score: 1968
----------------------
game:
[[  4   8 128  32]
 [  8  32  64 256]
 [  4   8  32  64]
 [  2   4   8  32]]
game over. Score: 3676
----------------------
game:
[[  2  16 128   2]
 [ 16  32  64 256]
 [  4   2  32  64]
 [  2   4   8  32]]
game over. Score: 3600
----------------------
game:
[[  8  16   2 256]
 [  2   4  32 128]
 [  4   8  16  32]
 [  2   4   8  16]]
game over. Score: 2908
