game:
[[   2    2   16    8]
 [  64    8  512   32]
 [   4   32 1024  256]
 [   2    8   16    8]]
game over. Score: 15472
-----------------------
game:
[[   4    8   32    4]
 [  16 1024  512    8]
 [   4   64  128   64]
 [   2    4   16    4]]
game over. Score: 14664
-----------------------
game:
[[   2    2   32   16]
 [   4 1024  512   64]
 [  64   32  128    8]
 [   4    8   16    2]]
game over. Score: 14784
-----------------------
game:
[[   4  512   32 1024]
 [ 256  128    8    2]
 [  16   64   16    4]
 [   4    8    2    0]]
game over. Score: 16112
