game:
[[  2 256   4   2]
 [  4   8 256  64]
 [  2 512  16   8]
 [  4  32   8   2]]
game over. Score: 8044
----------------------
game:
[[  2   2  32 128]
 [  8 128 512   8]
 [  2  32 256   2]
 [  8  16  64 128]]
game over. Score: 8592
----------------------
game:
[[  4   8  32   8]
 [  2 256  64 256]
 [  4  16 512  32]
 [  2   8   2   4]]
game over. Score: 8116
----------------------
game:
[[  2   8  16   8]
 [  4  64 128  16]
 [  8  16 512   4]
 [  4   8  32   2]]
game over. Score: 5352
----------------------
game:
[[   4   16    8    2]
 [  32  128   32    4]
 [  16 1024   16    8]
 [   4    8   32    2]]
game over. Score: 10304
----------------------
